length: 100
index: 0
0.007915
15
0.014882
15
index: 1
0.007393000000000001
15
0.014679999999999999
15
index: 2
0.007405999999999999
15
0.014680999999999998
15
index: 3
0.007442999999999999
15
0.014613999999999999
15
index: 4
0.007439000000000001
15
0.014438000000000001
15
index: 5
0.007641000000000001
15
0.015084
15
index: 6
0.007621000000000001
15
0.014751
15
index: 7
0.007487000000000001
15
0.014773
15
index: 8
0.007475
15
0.014835999999999998
15
index: 9
0.007519999999999999
15
0.014683000000000003
15
index: 10
0.014403999999999998
15
0.029815
15
index: 11
0.014299
15
0.028997999999999996
15
index: 12
0.014767
15
0.02979
15
index: 13
0.007210000000000001
15
0.008299
15
index: 14
0.004051
15
0.008095000000000001
15
length: 300
index: 0
0.004194
15
0.008098
15
index: 1
0.004074
15
0.008292
15
index: 2
0.006989000000000001
15
0.008205
15
index: 3
0.008575999999999997
15
0.008052
15
index: 4
0.004062
15
0.00808
15
index: 5
0.006044000000000001
15
0.012662
15
index: 6
0.0059110000000000005
15
0.012901
15
index: 7
0.009920000000000002
15
0.018997999999999998
15
index: 8
0.009144
15
0.019431
15
index: 9
0.009238999999999999
15
0.019517999999999997
15
index: 10
0.009199
15
0.019815
15
index: 11
0.009253999999999998
15
0.019464999999999996
15
index: 12
0.00932
15
0.019441
15
index: 13
0.009132000000000001
15
0.019331
15
index: 14
0.009234000000000001
15
0.019767999999999997
15
length: 500
index: 0
0.012126
15
0.025914
15
index: 1
0.012242999999999999
15
0.02571
15
index: 2
0.012162999999999998
15
0.025847
15
index: 3
0.012793999999999998
15
0.026449
15
index: 4
0.012253
15
0.025976000000000003
15
index: 5
0.012275999999999999
15
0.025806
15
index: 6
0.016877999999999997
15
0.046189
15
index: 7
0.022074
15
0.045851
15
index: 8
0.021414
15
0.046624000000000006
15
index: 9
0.021277
15
0.04629199999999999
15
index: 10
0.026226
15
0.057770999999999996
15
index: 11
0.026765999999999998
15
0.058196
15
index: 12
0.026777
15
0.057686999999999995
15
index: 13
0.026855
15
0.059098
15
index: 14
0.026496000000000002
15
0.05882199999999999
15
length: 700
index: 0
0.026937000000000003
15
0.057941999999999994
15
index: 1
0.026212000000000003
15
0.057685999999999994
15
index: 2
0.026577
15
0.05857599999999999
15
index: 3
0.026743000000000003
15
0.057790999999999995
15
index: 4
0.026726000000000003
15
0.058103
15
index: 5
0.032131
15
0.07222700000000001
15
index: 6
0.031677
15
0.07090899999999999
15
index: 7
0.032218
15
0.07234800000000001
15
index: 8
0.032854
15
0.07301600000000001
15
index: 9
0.03233
15
0.059268999999999995
15
index: 10
0.011215000000000001
15
0.025669
15
index: 11
0.012089999999999998
15
0.029210999999999997
15
index: 12
0.013629
15
0.037151
15
index: 13
0.017669
15
0.04453499999999999
15
index: 14
0.020333000000000004
15
0.045614999999999996
15
length: 900
index: 0
0.023408000000000005
15
0.052351
15
index: 1
0.023388
15
0.05249
15
index: 2
0.023531000000000003
15
0.052989999999999995
15
index: 3
0.023493000000000003
15
0.053066
15
index: 4
0.023074
15
0.052027
15
index: 5
0.023029000000000004
15
0.052770000000000004
15
index: 6
0.023198000000000003
15
0.052694000000000005
15
index: 7
0.023718
15
0.052295999999999995
15
index: 8
0.023363
15
0.052606999999999994
15
index: 9
0.023455000000000004
15
0.05224900000000001
15
index: 10
0.026531
15
0.060731
15
index: 11
0.026468999999999996
15
0.06077199999999999
15
index: 12
0.026741000000000008
15
0.060260999999999995
15
index: 13
0.026702
15
0.06143599999999999
15
index: 14
0.027119
15
0.07348499999999998
15
length: 1100
index: 0
0.032244
15
0.07223700000000001
15
index: 1
0.031745
15
0.072565
15
index: 2
0.032046000000000005
15
0.079035
15
index: 3
0.029674
15
0.036279
15
index: 4
0.01607
15
0.036818
15
index: 5
0.018089
15
0.041765000000000004
15
index: 6
0.018027
15
0.041566
15
index: 7
0.017776999999999998
15
0.042267
15
index: 8
0.019621
15
0.04573999999999999
15
index: 9
0.019673999999999997
15
0.045867000000000005
15
index: 10
0.019777000000000003
15
0.045783
15
index: 11
0.019908000000000002
15
0.04564000000000001
15
index: 12
0.019766999999999996
15
0.045612
15
index: 13
0.019865999999999998
15
0.050456999999999995
15
index: 14
0.022046000000000003
15
0.050817
15
length: 1300
index: 0
0.024697999999999998
15
0.05788
15
index: 1
0.024548
15
0.057799
15
index: 2
0.025042000000000002
15
0.05783
15
index: 3
0.024332
15
0.057484
15
index: 4
0.02453
15
0.057789999999999994
15
index: 5
0.024944
15
0.057798
15
index: 6
0.024513999999999998
15
0.05771000000000001
15
index: 7
0.024411000000000002
15
0.057814
15
index: 8
0.024447
15
0.057375999999999996
15
index: 9
0.024299999999999995
15
0.057445
15
index: 10
0.027658999999999996
15
0.066294
15
index: 11
0.020654999999999996
15
0.11637600000000001
15
index: 12
0.047267
15
0.114734
15
index: 13
0.047532000000000005
15
0.115234
15
index: 14
0.046910999999999994
15
0.11557200000000001
15
length: 1500
index: 0
0.04695500000000001
15
0.115086
15
index: 1
0.046939
15
0.11550099999999999
15
index: 2
0.046928
15
0.11465800000000001
15
index: 3
0.04738099999999999
15
0.115217
15
index: 4
0.047224999999999996
15
0.116313
15
index: 5
0.051265
15
0.12733499999999998
15
index: 6
0.051477
15
0.11661200000000002
15
index: 7
0.024329999999999997
15
0.060689
15
index: 8
0.024448000000000004
15
0.060909000000000005
15
index: 9
0.024684
15
0.060769000000000004
15
index: 10
0.024696
15
0.060723000000000006
15
index: 11
0.024547
15
0.061079
15
index: 12
0.025327
15
0.06617300000000001
15
index: 13
0.026617
15
0.06582199999999999
15
index: 14
0.026704000000000002
15
0.07399700000000001
15
length: 1700
index: 0
0.032173
15
0.080081
15
index: 1
0.032007
15
0.080865
15
index: 2
0.031667
15
0.07996299999999998
15
index: 3
0.032479
15
0.07995599999999999
15
index: 4
0.032318
15
0.08064400000000001
15
index: 5
0.032337
15
0.08010799999999998
15
index: 6
0.032381
15
0.080299
15
index: 7
0.03174400000000001
15
0.08024500000000001
15
index: 8
0.03235
15
0.079758
15
index: 9
0.031851
15
0.079693
15
index: 10
0.034813000000000004
15
0.087862
15
index: 11
0.03460099999999999
15
0.088849
15
index: 12
0.03471899999999999
15
0.08813800000000001
15
index: 13
0.034460000000000005
15
0.087902
15
index: 14
0.034514
15
0.087433
15
length: 1900
index: 0
0.034427
15
0.08706499999999999
15
index: 1
0.034656
15
0.087745
15
index: 2
0.034554
15
0.08882400000000001
15
index: 3
0.034802
15
0.08805500000000001
15
index: 4
0.034756
15
0.08818999999999999
15
index: 5
0.036830999999999996
15
0.09500899999999998
15
index: 6
0.037396000000000006
15
0.09516300000000001
15
index: 7
0.036753999999999995
15
0.094963
15
index: 8
0.027826
15
0.07131
15
index: 9
0.028207
15
0.07605200000000001
15
index: 10
0.029639
15
0.07588600000000001
15
index: 11
0.029604
15
0.075478
15
index: 12
0.029858999999999997
15
0.082747
15
index: 13
0.032402999999999994
15
0.08252899999999999
15
index: 14
0.028295
15
0.071123
15